0.058124,0.,0.,0.,0.,0.,0.,0.,0.,0.,0.,0.,0.,0.,0.,0.,0.,0.,0.,0.,0.,0.,0.,0.,0., 0.,0.,0.,0.,0.,0.,0.,0.,0.,0.,0.,0.,0.
0.121668,0.,0.,0.,0.,0.,0.,0.,0.,0.,0.,0.,0.,0.,0.,0.,0.,0.,0.,0.,0.,0.,0.,0.,0., 0.,0.,0.,0.,0.,0.,0.,0.,0.,0.,0.,0.,0.
0.163794,0.,0.,0.,0.,0.,0.,0.,0.,0.,0.,0.,0.,0.,0.,0.,0.,0.,0.,0.,0.,0.,0.,0.,0., 0.,0.,0.,0.,0.,0.,0.,0.,0.,0.,0.,0.,0.
0.22191,0.,0.,0.,0.,0.,0.,0.,0.,0.,0.,0.,0.,0.,0.,0.,0.,0.,0.,0.,0.,0.,0.,0.,0., 0.,0.,0.,0.,0.,0.,0.,0.,0.,0.,0.,0.,0.
0.289824,0.,0.,0.,0.,0.,0.,0.,0.,0.,0.,0.,0.,0.,0.,0.,0.,0.,0.,0.,0.,0.,0.,0.,0., 0.,0.,0.,0.,0.,0.,0.,0.,0.,0.,0.,0.,0.
0.357966,0.,0.,0.,0.,0.,0.,0.,0.,0.,0.,0.,0.,0.,0.,0.,0.,0.,0.,0.,0.,0.,0.,0.,0., 0.,0.,0.,0.,0.,0.,0.,0.,0.,0.,0.,0.,0.
0.420729,0.,0.,0.,0.,0.,0.,0.,0.,0.,0.,0.,0.,0.,0.,0.,0.,0.,0.,0.,0.,0.,0.,0.,0., 0.,0.,0.,0.,0.,0.,0.,0.,0.,0.,0.,0.,0.
0.525938,0.,0.,0.,0.,0.,0.,0.,0.,0.,0.,0.,0.,0.,0.,0.,0.,0.,0.,0.,0.,0.,0.,0.,0., 0.,0.,0.,0.,0.,0.,0.,0.,0.,0.,0.,0.,0.
0.57854,0.,0.,0.,0.,0.,0.,0.,0.,0.,0.,0.,0.,0.,0.,0.,0.,0.,0.,0.,0.,0.,0.,0.,0., 0.,0.,0.,0.,0.,0.,0.,0.,0.,0.,0.,0.,0.
0.651175,0.,0.,0.,0.,0.,0.,0.,0.,0.,0.,0.,0.,0.,0.,0.,0.,0.,0.,0.,0.,0.,0.,0.,0., 0.,0.,0.,0.,0.,0.,0.,0.,0.,0.,0.,0.,0.
0.698366,0.,0.,0.,0.,0.,0.,0.,0.,0.,0.,0.,0.,0.,0.,0.,0.,0.,0.,0.,0.,0.,0.,0.,0., 0.,0.,0.,0.,0.,0.,0.,0.,0.,0.,0.,0.,0.
0.791698,0.,0.,0.,0.,0.,0.,0.,0.,0.,0.,0.,0.,0.,0.,0.,0.,0.,0.,0.,0.,0.,0.,0.,0., 0.,0.,0.,0.,0.,0.,0.,0.,0.,0.,0.,0.,0.
0.844393,0.,0.,0.,0.,0.,0.,0.,0.,0.,0.,0.,0.,0.,0.,0.,0.,0.,0.,0.,0.,0.,0.,0.,0., 0.,0.,0.,0.,0.,0.,0.,0.,0.,0.,0.,0.,0.
0.892092,0.,0.,0.,0.,0.,0.,0.,0.,0.,0.,0.,0.,0.,0.,0.,0.,0.,0.,0.,0.,0.,0.,0.,0., 0.,0.,0.,0.,0.,0.,0.,0.,0.,0.,0.,0.,0.
0.940586,0.,0.,0.,0.,0.,0.,0.,0.,0.,0.,0.,0.,0.,0.,0.,0.,0.,0.,0.,0.,0.,0.,0.,0., 0.,0.,0.,0.,0.,0.,0.,0.,0.,0.,0.,0.,0.
0.9983,0.,0.,0.,0.,0.,0.,0.,0.,0.,0.,0.,0.,0.,0.,0.,0.,0.,0.,0.,0.,0.,0.,0.,0., 0.,0.,0.,0.,0.,0.,0.,0.,0.,0.,0.,0.,0.
1.051426,0.,0.,0.,0.,0.,0.,0.,0.,0.,0.,0.,0.,0.,0.,0.,0.,0.,0.,0.,0.,0.,0.,0.,0., 0.,0.,0.,0.,0.,0.,0.,0.,0.,0.,0.,0.,0.
1.093787,0.,0.,0.,0.,0.,0.,0.,0.,0.,0.,0.,0.,0.,0.,0.,0.,0.,0.,0.,0.,0.,0.,0.,0., 0.,0.,0.,0.,0.,0.,0.,0.,0.,0.,0.,0.,0.
1.147135,0.,0.,0.,0.,0.,0.,0.,0.,0.,0.,0.,0.,0.,0.,0.,0.,0.,0.,0.,0.,0.,0.,0.,0., 0.,0.,0.,0.,0.,0.,0.,0.,0.,0.,0.,0.,0.
1.184108,0.,0.,0.,0.,0.,0.,0.,0.,0.,0.,0.,0.,0.,0.,0.,0.,0.,0.,0.,0.,0.,0.,0.,0., 0.,0.,0.,0.,0.,0.,0.,0.,0.,0.,0.,0.,0.
1.205699,0.,0.,0.,0.,0.,0.,0.,0.,0.,0.,0.,0.,0.,0.,0.,0.,0.,0.,0.,0.,0.,0.,0.,0., 0.,0.,0.,0.,0.,0.,0.,0.,0.,0.,0.,0.,0.
1.258005,0.,0.,0.,0.,0.,0.,0.,0.,0.,0.,0.,0.,0.,0.,0.,0.,0.,0.,0.,0.,0.,0.,0.,0., 0.,0.,0.,0.,0.,0.,0.,0.,0.,0.,0.,0.,0.
1.31099,0.,0.,0.,0.,0.,0.,0.,0.,0.,0.,0.,0.,0.,0.,0.,0.,0.,0.,0.,0.,0.,0.,0.,0., 0.,0.,0.,0.,0.,0.,0.,0.,0.,0.,0.,0.,0.
1.353775,0.,0.,0.,0.,0.,0.,0.,0.,0.,0.,0.,0.,0.,0.,0.,0.,0.,0.,0.,0.,0.,0.,0.,0., 0.,0.,0.,0.,0.,0.,0.,0.,0.,0.,0.,0.,0.
1.391246,0.,0.,0.,0.,0.,0.,0.,0.,0.,0.,0.,0.,0.,0.,0.,0.,0.,0.,0.,0.,0.,0.,0.,0., 0.,0.,0.,0.,0.,0.,0.,0.,0.,0.,0.,0.,0.
1.444237,0.,0.,0.,0.,0.,0.,0.,0.,0.,0.,0.,0.,0.,0.,0.,0.,0.,0.,0.,0.,0.,0.,0.,0., 0.,0.,0.,0.,0.,0.,0.,0.,0.,0.,0.,0.,0.
1.503192,0.,0.,0.,0.,0.,0.,0.,0.,0.,0.,0.,0.,0.,0.,0.,0.,0.,0.,0.,0.,0.,0.,0.,0., 0.,0.,0.,0.,0.,0.,0.,0.,0.,0.,0.,0.,0.
1.572219,0.,0.,0.,0.,0.,0.,0.,0.,0.,0.,0.,0.,0.,0.,0.,0.,0.,0.,0.,0.,0.,0.,0.,0., 0.,0.,0.,0.,0.,0.,0.,0.,0.,0.,0.,0.,0.
1.624725,0.,0.,0.,0.,0.,0.,0.,0.,0.,0.,0.,0.,0.,0.,0.,0.,0.,0.,0.,0.,0.,0.,0.,0., 0.,0.,0.,0.,0.,0.,0.,0.,0.,0.,0.,0.,0.
1.702545,0.,0.,0.,0.,0.,0.,0.,0.,0.,0.,0.,0.,0.,0.,0.,0.,0.,0.,0.,0.,0.,0.,0.,0., 0.,0.,0.,0.,0.,0.,0.,0.,0.,0.,0.,0.,0.
1.750222,0.,0.,0.,0.,0.,0.,0.,0.,0.,0.,0.,0.,0.,0.,0.,0.,0.,0.,0.,0.,0.,0.,0.,0., 0.,0.,0.,0.,0.,0.,0.,0.,0.,0.,0.,0.,0.
1.79609,0.,0.,0.,0.,0.,0.,0.,0.,0.,0.,0.,0.,0.,0.,0.,0.,0.,0.,0.,0.,0.,0.,0.,0., 0.,0.,0.,0.,0.,0.,0.,0.,0.,0.,0.,0.,0.
1.864325,0.,0.,0.,0.,0.,0.,0.,0.,0.,0.,0.,0.,0.,0.,0.,0.,0.,0.,0.,0.,0.,0.,0.,0., 0.,0.,0.,0.,0.,0.,0.,0.,0.,0.,0.,0.,0.
1.966024,0.,0.,0.,0.,0.,0.,0.,0.,0.,0.,0.,0.,0.,0.,0.,0.,0.,0.,0.,0.,0.,0.,0.,0., 0.,0.,0.,0.,0.,0.,0.,0.,0.,0.,0.,0.,0.
2.039705,0.,0.,0.,0.,0.,0.,0.,0.,0.,0.,0.,0.,0.,0.,0.,0.,0.,0.,0.,0.,0.,0.,0.,0., 0.,0.,0.,0.,0.,0.,0.,0.,0.,0.,0.,0.,0.
2.087364,0.,0.,0.,0.,0.,0.,0.,0.,0.,0.,0.,0.,0.,0.,0.,0.,0.,0.,0.,0.,0.,0.,0.,0., 0.,0.,0.,0.,0.,0.,0.,0.,0.,0.,0.,0.,0.
2.187118,0.,0.,0.,0.,0.,0.,0.,0.,0.,0.,0.,0.,0.,0.,0.,0.,0.,0.,0.,0.,0.,0.,0.,0., 0.,0.,0.,0.,0.,0.,0.,0.,0.,0.,0.,0.,0.
2.219614,0.,0.,0.,0.,0.,0.,0.,0.,0.,0.,0.,0.,0.,0.,0.,0.,0.,0.,0.,0.,0.,0.,0.,0., 0.,0.,0.,0.,0.,0.,0.,0.,0.,0.,0.,0.,0.
2.308944,0.,0.,0.,0.,0.,0.,0.,0.,0.,0.,0.,0.,0.,0.,0.,0.,0.,0.,0.,0.,0.,0.,0.,0., 0.,0.,0.,0.,0.,0.,0.,0.,0.,0.,0.,0.,0.
2.361939,0.,0.,0.,0.,0.,0.,0.,0.,0.,0.,0.,0.,0.,0.,0.,0.,0.,0.,0.,0.,0.,0.,0.,0., 0.,0.,0.,0.,0.,0.,0.,0.,0.,0.,0.,0.,0.
2.40476,0.,0.,0.,0.,0.,0.,0.,0.,0.,0.,0.,0.,0.,0.,0.,0.,0.,0.,0.,0.,0.,0.,0.,0., 0.,0.,0.,0.,0.,0.,0.,0.,0.,0.,0.,0.,0.
2.465352,0.,0.,0.,0.,0.,0.,0.,0.,0.,0.,0.,0.,0.,0.,0.,0.,0.,0.,0.,0.,0.,0.,0.,0., 0.,0.,0.,0.,0.,0.,0.,0.,0.,0.,0.,0.,0.
2.513559,0.,0.,0.,0.,0.,0.,0.,0.,0.,0.,0.,0.,0.,0.,0.,0.,0.,0.,0.,0.,0.,0.,0.,0., 0.,0.,0.,0.,0.,0.,0.,0.,0.,0.,0.,0.,0.
2.540879,0.,0.,0.,0.,0.,0.,0.,0.,0.,0.,0.,0.,0.,0.,0.,0.,0.,0.,0.,0.,0.,0.,0.,0., 0.,0.,0.,0.,0.,0.,0.,0.,0.,0.,0.,0.,0.
2.59902,0.,0.,0.,0.,0.,0.,0.,0.,0.,0.,0.,0.,0.,0.,0.,0.,0.,0.,0.,0.,0.,0.,0.,0., 0.,0.,0.,0.,0.,0.,0.,0.,0.,0.,0.,0.,0.
2.68846,0.,0.,0.,0.,0.,0.,0.,0.,0.,0.,0.,0.,0.,0.,0.,0.,0.,0.,0.,0.,0.,0.,0.,0., 0.,0.,0.,0.,0.,0.,0.,0.,0.,0.,0.,0.,0.
2.746233,0.,0.,0.,0.,0.,0.,0.,0.,0.,0.,0.,0.,0.,0.,0.,0.,0.,0.,0.,0.,0.,0.,0.,0., 0.,0.,0.,0.,0.,0.,0.,0.,0.,0.,0.,0.,0.
2.777954,0.,0.,0.,0.,0.,0.,0.,0.,0.,0.,0.,0.,0.,0.,0.,0.,0.,0.,0.,0.,0.,0.,0.,0., 0.,0.,0.,0.,0.,0.,0.,0.,0.,0.,0.,0.,0.
2.83563,0.,0.,0.,0.,0.,0.,0.,0.,0.,0.,0.,0.,0.,0.,0.,0.,0.,0.,0.,0.,0.,0.,0.,0., 0.,0.,0.,0.,0.,0.,0.,0.,0.,0.,0.,0.,0.
2.893621,0.,0.,0.,0.,0.,0.,0.,0.,0.,0.,0.,0.,0.,0.,0.,0.,0.,0.,0.,0.,0.,0.,0.,0., 0.,0.,0.,0.,0.,0.,0.,0.,0.,0.,0.,0.,0.
2.972743,0.,0.,0.,0.,0.,0.,0.,0.,0.,0.,0.,0.,0.,0.,0.,0.,0.,0.,0.,0.,0.,0.,0.,0., 0.,0.,0.,0.,0.,0.,0.,0.,0.,0.,0.,0.,0.
3.025734,0.,0.,0.,0.,0.,0.,0.,0.,0.,0.,0.,0.,0.,0.,0.,0.,0.,0.,0.,0.,0.,0.,0.,0., 0.,0.,0.,0.,0.,0.,0.,0.,0.,0.,0.,0.,0.
3.093993,0.,0.,0.,0.,0.,0.,0.,0.,0.,0.,0.,0.,0.,0.,0.,0.,0.,0.,0.,0.,0.,0.,0.,0., 0.,0.,0.,0.,0.,0.,0.,0.,0.,0.,0.,0.,0.
3.172471,0.,0.,0.,0.,0.,0.,0.,0.,0.,0.,0.,0.,0.,0.,0.,0.,0.,0.,0.,0.,0.,0.,0.,0., 0.,0.,0.,0.,0.,0.,0.,0.,0.,0.,0.,0.,0.
3.25087,0.,0.,0.,0.,0.,0.,0.,0.,0.,0.,0.,0.,0.,0.,0.,0.,0.,0.,0.,0.,0.,0.,0.,0., 0.,0.,0.,0.,0.,0.,0.,0.,0.,0.,0.,0.,0.
3.313776,0.,0.,0.,0.,0.,0.,0.,0.,0.,0.,0.,0.,0.,0.,0.,0.,0.,0.,0.,0.,0.,0.,0.,0., 0.,0.,0.,0.,0.,0.,0.,0.,0.,0.,0.,0.,0.
3.380792,0.,0.,0.,0.,0.,0.,0.,0.,0.,0.,0.,0.,0.,0.,0.,0.,0.,0.,0.,0.,0.,0.,0.,0., 0.,0.,0.,0.,0.,0.,0.,0.,0.,0.,0.,0.,0.
3.454726,0.,0.,0.,0.,0.,0.,0.,0.,0.,0.,0.,0.,0.,0.,0.,0.,0.,0.,0.,0.,0.,0.,0.,0., 0.,0.,0.,0.,0.,0.,0.,0.,0.,0.,0.,0.,0.
3.501519,0.,0.,0.,0.,0.,0.,0.,0.,0.,0.,0.,0.,0.,0.,0.,0.,0.,0.,0.,0.,0.,0.,0.,0., 0.,0.,0.,0.,0.,0.,0.,0.,0.,0.,0.,0.,0.
3.563477,0.,0.,0.,0.,0.,0.,0.,0.,0.,0.,0.,0.,0.,0.,0.,0.,0.,0.,0.,0.,0.,0.,0.,0., 0.,0.,0.,0.,0.,0.,0.,0.,0.,0.,0.,0.,0.
3.616551,0.,0.,0.,0.,0.,0.,0.,0.,0.,0.,0.,0.,0.,0.,0.,0.,0.,0.,0.,0.,0.,0.,0.,0., 0.,0.,0.,0.,0.,0.,0.,0.,0.,0.,0.,0.,0.
3.658036,0.,0.,0.,0.,0.,0.,0.,0.,0.,0.,0.,0.,0.,0.,0.,0.,0.,0.,0.,0.,0.,0.,0.,0., 0.,0.,0.,0.,0.,0.,0.,0.,0.,0.,0.,0.,0.
3.72067,0.,0.,0.,0.,0.,0.,0.,0.,0.,0.,0.,0.,0.,0.,0.,0.,0.,0.,0.,0.,0.,0.,0.,0., 0.,0.,0.,0.,0.,0.,0.,0.,0.,0.,0.,0.,0.
3.783755,0.,0.,0.,0.,0.,0.,0.,0.,0.,0.,0.,0.,0.,0.,0.,0.,0.,0.,0.,0.,0.,0.,0.,0., 0.,0.,0.,0.,0.,0.,0.,0.,0.,0.,0.,0.,0.
3.842038,0.,0.,0.,0.,0.,0.,0.,0.,0.,0.,0.,0.,0.,0.,0.,0.,0.,0.,0.,0.,0.,0.,0.,0., 0.,0.,0.,0.,0.,0.,0.,0.,0.,0.,0.,0.,0.
3.878755,0.,0.,0.,0.,0.,0.,0.,0.,0.,0.,0.,0.,0.,0.,0.,0.,0.,0.,0.,0.,0.,0.,0.,0., 0.,0.,0.,0.,0.,0.,0.,0.,0.,0.,0.,0.,0.
3.931494,0.,0.,0.,0.,0.,0.,0.,0.,0.,0.,0.,0.,0.,0.,0.,0.,0.,0.,0.,0.,0.,0.,0.,0., 0.,0.,0.,0.,0.,0.,0.,0.,0.,0.,0.,0.,0.
4.009827,0.,0.,0.,0.,0.,0.,0.,0.,0.,0.,0.,0.,0.,0.,0.,0.,0.,0.,0.,0.,0.,0.,0.,0., 0.,0.,0.,0.,0.,0.,0.,0.,0.,0.,0.,0.,0.
4.072735,0.,0.,0.,0.,0.,0.,0.,0.,0.,0.,0.,0.,0.,0.,0.,0.,0.,0.,0.,0.,0.,0.,0.,0., 0.,0.,0.,0.,0.,0.,0.,0.,0.,0.,0.,0.,0.
4.115475,0.,0.,0.,0.,0.,0.,0.,0.,0.,0.,0.,0.,0.,0.,0.,0.,0.,0.,0.,0.,0.,0.,0.,0., 0.,0.,0.,0.,0.,0.,0.,0.,0.,0.,0.,0.,0.
4.178336,0.,0.,0.,0.,0.,0.,0.,0.,0.,0.,0.,0.,0.,0.,0.,0.,0.,0.,0.,0.,0.,0.,0.,0., 0.,0.,0.,0.,0.,0.,0.,0.,0.,0.,0.,0.,0.
4.21016,0.,0.,0.,0.,0.,0.,0.,0.,0.,0.,0.,0.,0.,0.,0.,0.,0.,0.,0.,0.,0.,0.,0.,0., 0.,0.,0.,0.,0.,0.,0.,0.,0.,0.,0.,0.,0.
4.268888,0.,0.,0.,0.,0.,0.,0.,0.,0.,0.,0.,0.,0.,0.,0.,0.,0.,0.,0.,0.,0.,0.,0.,0., 0.,0.,0.,0.,0.,0.,0.,0.,0.,0.,0.,0.,0.
4.337731,0.,0.,0.,0.,0.,0.,0.,0.,0.,0.,0.,0.,0.,0.,0.,0.,0.,0.,0.,0.,0.,0.,0.,0., 0.,0.,0.,0.,0.,0.,0.,0.,0.,0.,0.,0.,0.
4.37445,0.,0.,0.,0.,0.,0.,0.,0.,0.,0.,0.,0.,0.,0.,0.,0.,0.,0.,0.,0.,0.,0.,0.,0., 0.,0.,0.,0.,0.,0.,0.,0.,0.,0.,0.,0.,0.
4.437701,0.,0.,0.,0.,0.,0.,0.,0.,0.,0.,0.,0.,0.,0.,0.,0.,0.,0.,0.,0.,0.,0.,0.,0., 0.,0.,0.,0.,0.,0.,0.,0.,0.,0.,0.,0.,0.
4.50063,0.,0.,0.,0.,0.,0.,0.,0.,0.,0.,0.,0.,0.,0.,0.,0.,0.,0.,0.,0.,0.,0.,0.,0., 0.,0.,0.,0.,0.,0.,0.,0.,0.,0.,0.,0.,0.
4.553346,0.,0.,0.,0.,0.,0.,0.,0.,0.,0.,0.,0.,0.,0.,0.,0.,0.,0.,0.,0.,0.,0.,0.,0., 0.,0.,0.,0.,0.,0.,0.,0.,0.,0.,0.,0.,0.
4.606553,0.,0.,0.,0.,0.,0.,0.,0.,0.,0.,0.,0.,0.,0.,0.,0.,0.,0.,0.,0.,0.,0.,0.,0., 0.,0.,0.,0.,0.,0.,0.,0.,0.,0.,0.,0.,0.
4.664338,0.,0.,0.,0.,0.,0.,0.,0.,0.,0.,0.,0.,0.,0.,0.,0.,0.,0.,0.,0.,0.,0.,0.,0., 0.,0.,0.,0.,0.,0.,0.,0.,0.,0.,0.,0.,0.
4.741776,0.,0.,0.,0.,0.,0.,0.,0.,0.,0.,0.,0.,0.,0.,0.,0.,0.,0.,0.,0.,0.,0.,0.,0., 0.,0.,0.,0.,0.,0.,0.,0.,0.,0.,0.,0.,0.
4.798903,0.,0.,0.,0.,0.,0.,0.,0.,0.,0.,0.,0.,0.,0.,0.,0.,0.,0.,0.,0.,0.,0.,0.,0., 0.,0.,0.,0.,0.,0.,0.,0.,0.,0.,0.,0.,0.
4.856288,0.,0.,0.,0.,0.,0.,0.,0.,0.,0.,0.,0.,0.,0.,0.,0.,0.,0.,0.,0.,0.,0.,0.,0., 0.,0.,0.,0.,0.,0.,0.,0.,0.,0.,0.,0.,0.
4.91914,0.,0.,0.,0.,0.,0.,0.,0.,0.,0.,0.,0.,0.,0.,0.,0.,0.,0.,0.,0.,0.,0.,0.,0., 0.,0.,0.,0.,0.,0.,0.,0.,0.,0.,0.,0.,0.
4.992056,0.,0.,0.,0.,0.,0.,0.,0.,0.,0.,0.,0.,0.,0.,0.,0.,0.,0.,0.,0.,0.,0.,0.,0., 0.,0.,0.,0.,0.,0.,0.,0.,0.,0.,0.,0.,0.
5.044544,0.,0.,0.,0.,0.,0.,0.,0.,0.,0.,0.,0.,0.,0.,0.,0.,0.,0.,0.,0.,0.,0.,0.,0., 0.,0.,0.,0.,0.,0.,0.,0.,0.,0.,0.,0.,0.
5.076567,0.,0.,0.,0.,0.,0.,0.,0.,0.,0.,0.,0.,0.,0.,0.,0.,0.,0.,0.,0.,0.,0.,0.,0., 0.,0.,0.,0.,0.,0.,0.,0.,0.,0.,0.,0.,0.
5.144275,0.,0.,0.,0.,0.,0.,0.,0.,0.,0.,0.,0.,0.,0.,0.,0.,0.,0.,0.,0.,0.,0.,0.,0., 0.,0.,0.,0.,0.,0.,0.,0.,0.,0.,0.,0.,0.
5.238016,0.,0.,0.,0.,0.,0.,0.,0.,0.,0.,0.,0.,0.,0.,0.,0.,0.,0.,0.,0.,0.,0.,0.,0., 0.,0.,0.,0.,0.,0.,0.,0.,0.,0.,0.,0.,0.
5.316032,0.,0.,0.,0.,0.,0.,0.,0.,0.,0.,0.,0.,0.,0.,0.,0.,0.,0.,0.,0.,0.,0.,0.,0., 0.,0.,0.,0.,0.,0.,0.,0.,0.,0.,0.,0.,0.
5.378748,0.,0.,0.,0.,0.,0.,0.,0.,0.,0.,0.,0.,0.,0.,0.,0.,0.,0.,0.,0.,0.,0.,0.,0., 0.,0.,0.,0.,0.,0.,0.,0.,0.,0.,0.,0.,0.
5.452471,0.,0.,0.,0.,0.,0.,0.,0.,0.,0.,0.,0.,0.,0.,0.,0.,0.,0.,0.,0.,0.,0.,0.,0., 0.,0.,0.,0.,0.,0.,0.,0.,0.,0.,0.,0.,0.
5.505481,0.,0.,0.,0.,0.,0.,0.,0.,0.,0.,0.,0.,0.,0.,0.,0.,0.,0.,0.,0.,0.,0.,0.,0., 0.,0.,0.,0.,0.,0.,0.,0.,0.,0.,0.,0.,0.
5.563127,0.,0.,0.,0.,0.,0.,0.,0.,0.,0.,0.,0.,0.,0.,0.,0.,0.,0.,0.,0.,0.,0.,0.,0., 0.,0.,0.,0.,0.,0.,0.,0.,0.,0.,0.,0.,0.
5.584537,0.,0.,0.,0.,0.,0.,0.,0.,0.,0.,0.,0.,0.,0.,0.,0.,0.,0.,0.,0.,0.,0.,0.,0., 0.,0.,0.,0.,0.,0.,0.,0.,0.,0.,0.,0.,0.
5.632071,0.,0.,0.,0.,0.,0.,0.,0.,0.,0.,0.,0.,0.,0.,0.,0.,0.,0.,0.,0.,0.,0.,0.,0., 0.,0.,0.,0.,0.,0.,0.,0.,0.,0.,0.,0.,0.
5.695424,0.,0.,0.,0.,0.,0.,0.,0.,0.,0.,0.,0.,0.,0.,0.,0.,0.,0.,0.,0.,0.,0.,0.,0., 0.,0.,0.,0.,0.,0.,0.,0.,0.,0.,0.,0.,0.
5.763798,0.,0.,0.,0.,0.,0.,0.,0.,0.,0.,0.,0.,0.,0.,0.,0.,0.,0.,0.,0.,0.,0.,0.,0., 0.,0.,0.,0.,0.,0.,0.,0.,0.,0.,0.,0.,0.
5.873853,0.,0.,0.,0.,0.,0.,0.,0.,0.,0.,0.,0.,0.,0.,0.,0.,0.,0.,0.,0.,0.,0.,0.,0., 0.,0.,0.,0.,0.,0.,0.,0.,0.,0.,0.,0.,0.
5.895226,0.,0.,0.,0.,0.,0.,0.,0.,0.,0.,0.,0.,0.,0.,0.,0.,0.,0.,0.,0.,0.,0.,0.,0., 0.,0.,0.,0.,0.,0.,0.,0.,0.,0.,0.,0.,0.
5.964672,0.,0.,0.,0.,0.,0.,0.,0.,0.,0.,0.,0.,0.,0.,0.,0.,0.,0.,0.,0.,0.,0.,0.,0., 0.,0.,0.,0.,0.,0.,0.,0.,0.,0.,0.,0.,0.
6.017332,0.,0.,0.,0.,0.,0.,0.,0.,0.,0.,0.,0.,0.,0.,0.,0.,0.,0.,0.,0.,0.,0.,0.,0., 0.,0.,0.,0.,0.,0.,0.,0.,0.,0.,0.,0.,0.
6.116462,0.,0.,0.,0.,0.,0.,0.,0.,0.,0.,0.,0.,0.,0.,0.,0.,0.,0.,0.,0.,0.,0.,0.,0., 0.,0.,0.,0.,0.,0.,0.,0.,0.,0.,0.,0.,0.
6.163722,0.,0.,0.,0.,0.,0.,0.,0.,0.,0.,0.,0.,0.,0.,0.,0.,0.,0.,0.,0.,0.,0.,0.,0., 0.,0.,0.,0.,0.,0.,0.,0.,0.,0.,0.,0.,0.
6.232031,0.,0.,0.,0.,0.,0.,0.,0.,0.,0.,0.,0.,0.,0.,0.,0.,0.,0.,0.,0.,0.,0.,0.,0., 0.,0.,0.,0.,0.,0.,0.,0.,0.,0.,0.,0.,0.
6.264228,0.,0.,0.,0.,0.,0.,0.,0.,0.,0.,0.,0.,0.,0.,0.,0.,0.,0.,0.,0.,0.,0.,0.,0., 0.,0.,0.,0.,0.,0.,0.,0.,0.,0.,0.,0.,0.
6.301917,0.,0.,0.,0.,0.,0.,0.,0.,0.,0.,0.,0.,0.,0.,0.,0.,0.,0.,0.,0.,0.,0.,0.,0., 0.,0.,0.,0.,0.,0.,0.,0.,0.,0.,0.,0.,0.
6.359938,0.,0.,0.,0.,0.,0.,0.,0.,0.,0.,0.,0.,0.,0.,0.,0.,0.,0.,0.,0.,0.,0.,0.,0., 0.,0.,0.,0.,0.,0.,0.,0.,0.,0.,0.,0.,0.
6.408678,0.,0.,0.,0.,0.,0.,0.,0.,0.,0.,0.,0.,0.,0.,0.,0.,0.,0.,0.,0.,0.,0.,0.,0., 0.,0.,0.,0.,0.,0.,0.,0.,0.,0.,0.,0.,0.
6.471481,0.,0.,0.,0.,0.,0.,0.,0.,0.,0.,0.,0.,0.,0.,0.,0.,0.,0.,0.,0.,0.,0.,0.,0., 0.,0.,0.,0.,0.,0.,0.,0.,0.,0.,0.,0.,0.
6.540603,0.,0.,0.,0.,0.,0.,0.,0.,0.,0.,0.,0.,0.,0.,0.,0.,0.,0.,0.,0.,0.,0.,0.,0., 0.,0.,0.,0.,0.,0.,0.,0.,0.,0.,0.,0.,0.
6.588553,0.,0.,0.,0.,0.,0.,0.,0.,0.,0.,0.,0.,0.,0.,0.,0.,0.,0.,0.,0.,0.,0.,0.,0., 0.,0.,0.,0.,0.,0.,0.,0.,0.,0.,0.,0.,0.
6.63492,0.,0.,0.,0.,0.,0.,0.,0.,0.,0.,0.,0.,0.,0.,0.,0.,0.,0.,0.,0.,0.,0.,0.,0., 0.,0.,0.,0.,0.,0.,0.,0.,0.,0.,0.,0.,0.
6.697744,0.,0.,0.,0.,0.,0.,0.,0.,0.,0.,0.,0.,0.,0.,0.,0.,0.,0.,0.,0.,0.,0.,0.,0., 0.,0.,0.,0.,0.,0.,0.,0.,0.,0.,0.,0.,0.
6.740193,0.,0.,0.,0.,0.,0.,0.,0.,0.,0.,0.,0.,0.,0.,0.,0.,0.,0.,0.,0.,0.,0.,0.,0., 0.,0.,0.,0.,0.,0.,0.,0.,0.,0.,0.,0.,0.
6.802683,0.,0.,0.,0.,0.,0.,0.,0.,0.,0.,0.,0.,0.,0.,0.,0.,0.,0.,0.,0.,0.,0.,0.,0., 0.,0.,0.,0.,0.,0.,0.,0.,0.,0.,0.,0.,0.
6.840002,0.,0.,0.,0.,0.,0.,0.,0.,0.,0.,0.,0.,0.,0.,0.,0.,0.,0.,0.,0.,0.,0.,0.,0., 0.,0.,0.,0.,0.,0.,0.,0.,0.,0.,0.,0.,0.
6.897711,0.,0.,0.,0.,0.,0.,0.,0.,0.,0.,0.,0.,0.,0.,0.,0.,0.,0.,0.,0.,0.,0.,0.,0., 0.,0.,0.,0.,0.,0.,0.,0.,0.,0.,0.,0.,0.
6.960202,0.,0.,0.,0.,0.,0.,0.,0.,0.,0.,0.,0.,0.,0.,0.,0.,0.,0.,0.,0.,0.,0.,0.,0., 0.,0.,0.,0.,0.,0.,0.,0.,0.,0.,0.,0.,0.
7.013654,0.,0.,0.,0.,0.,0.,0.,0.,0.,0.,0.,0.,0.,0.,0.,0.,0.,0.,0.,0.,0.,0.,0.,0., 0.,0.,0.,0.,0.,0.,0.,0.,0.,0.,0.,0.,0.
7.058298,0.,0.,0.,0.,0.,0.,0.,0.,0.,0.,0.,0.,0.,0.,0.,0.,0.,0.,0.,0.,0.,0.,0.,0., 0.,0.,0.,0.,0.,0.,0.,0.,0.,0.,0.,0.,0.
7.105955,0.,0.,0.,0.,0.,0.,0.,0.,0.,0.,0.,0.,0.,0.,0.,0.,0.,0.,0.,0.,0.,0.,0.,0., 0.,0.,0.,0.,0.,0.,0.,0.,0.,0.,0.,0.,0.
7.179263,0.,0.,0.,0.,0.,0.,0.,0.,0.,0.,0.,0.,0.,0.,0.,0.,0.,0.,0.,0.,0.,0.,0.,0., 0.,0.,0.,0.,0.,0.,0.,0.,0.,0.,0.,0.,0.
7.247428,0.,0.,0.,0.,0.,0.,0.,0.,0.,0.,0.,0.,0.,0.,0.,0.,0.,0.,0.,0.,0.,0.,0.,0., 0.,0.,0.,0.,0.,0.,0.,0.,0.,0.,0.,0.,0.
7.289417,0.,0.,0.,0.,0.,0.,0.,0.,0.,0.,0.,0.,0.,0.,0.,0.,0.,0.,0.,0.,0.,0.,0.,0., 0.,0.,0.,0.,0.,0.,0.,0.,0.,0.,0.,0.,0.
7.367636,0.,0.,0.,0.,0.,0.,0.,0.,0.,0.,0.,0.,0.,0.,0.,0.,0.,0.,0.,0.,0.,0.,0.,0., 0.,0.,0.,0.,0.,0.,0.,0.,0.,0.,0.,0.,0.
7.441705,0.,0.,0.,0.,0.,0.,0.,0.,0.,0.,0.,0.,0.,0.,0.,0.,0.,0.,0.,0.,0.,0.,0.,0., 0.,0.,0.,0.,0.,0.,0.,0.,0.,0.,0.,0.,0.
7.526022,0.,0.,0.,0.,0.,0.,0.,0.,0.,0.,0.,0.,0.,0.,0.,0.,0.,0.,0.,0.,0.,0.,0.,0., 0.,0.,0.,0.,0.,0.,0.,0.,0.,0.,0.,0.,0.
7.57416,0.,0.,0.,0.,0.,0.,0.,0.,0.,0.,0.,0.,0.,0.,0.,0.,0.,0.,0.,0.,0.,0.,0.,0., 0.,0.,0.,0.,0.,0.,0.,0.,0.,0.,0.,0.,0.
7.627612,0.,0.,0.,0.,0.,0.,0.,0.,0.,0.,0.,0.,0.,0.,0.,0.,0.,0.,0.,0.,0.,0.,0.,0., 0.,0.,0.,0.,0.,0.,0.,0.,0.,0.,0.,0.,0.
7.680657,0.,0.,0.,0.,0.,0.,0.,0.,0.,0.,0.,0.,0.,0.,0.,0.,0.,0.,0.,0.,0.,0.,0.,0., 0.,0.,0.,0.,0.,0.,0.,0.,0.,0.,0.,0.,0.
7.700121,0.,0.,0.,0.,0.,0.,0.,0.,0.,0.,0.,0.,0.,0.,0.,0.,0.,0.,0.,0.,0.,0.,0.,0., 0.,0.,0.,0.,0.,0.,0.,0.,0.,0.,0.,0.,0.
7.747423,0.,0.,0.,0.,0.,0.,0.,0.,0.,0.,0.,0.,0.,0.,0.,0.,0.,0.,0.,0.,0.,0.,0.,0., 0.,0.,0.,0.,0.,0.,0.,0.,0.,0.,0.,0.,0.
7.805673,0.,0.,0.,0.,0.,0.,0.,0.,0.,0.,0.,0.,0.,0.,0.,0.,0.,0.,0.,0.,0.,0.,0.,0., 0.,0.,0.,0.,0.,0.,0.,0.,0.,0.,0.,0.,0.
7.881938,0.,0.,0.,0.,0.,0.,0.,0.,0.,0.,0.,0.,0.,0.,0.,0.,0.,0.,0.,0.,0.,0.,0.,0., 0.,0.,0.,0.,0.,0.,0.,0.,0.,0.,0.,0.,0.
7.940245,0.,0.,0.,0.,0.,0.,0.,0.,0.,0.,0.,0.,0.,0.,0.,0.,0.,0.,0.,0.,0.,0.,0.,0., 0.,0.,0.,0.,0.,0.,0.,0.,0.,0.,0.,0.,0.
7.973292,0.,0.,0.,0.,0.,0.,0.,0.,0.,0.,0.,0.,0.,0.,0.,0.,0.,0.,0.,0.,0.,0.,0.,0., 0.,0.,0.,0.,0.,0.,0.,0.,0.,0.,0.,0.,0.
8.031548,0.,0.,0.,0.,0.,0.,0.,0.,0.,0.,0.,0.,0.,0.,0.,0.,0.,0.,0.,0.,0.,0.,0.,0., 0.,0.,0.,0.,0.,0.,0.,0.,0.,0.,0.,0.,0.
8.053922,0.,0.,0.,0.,0.,0.,0.,0.,0.,0.,0.,0.,0.,0.,0.,0.,0.,0.,0.,0.,0.,0.,0.,0., 0.,0.,0.,0.,0.,0.,0.,0.,0.,0.,0.,0.,0.
8.096437,0.,0.,0.,0.,0.,0.,0.,0.,0.,0.,0.,0.,0.,0.,0.,0.,0.,0.,0.,0.,0.,0.,0.,0., 0.,0.,0.,0.,0.,0.,0.,0.,0.,0.,0.,0.,0.
8.164697,0.,0.,0.,0.,0.,0.,0.,0.,0.,0.,0.,0.,0.,0.,0.,0.,0.,0.,0.,0.,0.,0.,0.,0., 0.,0.,0.,0.,0.,0.,0.,0.,0.,0.,0.,0.,0.
8.212417,0.,0.,0.,0.,0.,0.,0.,0.,0.,0.,0.,0.,0.,0.,0.,0.,0.,0.,0.,0.,0.,0.,0.,0., 0.,0.,0.,0.,0.,0.,0.,0.,0.,0.,0.,0.,0.
8.260117,0.,0.,0.,0.,0.,0.,0.,0.,0.,0.,0.,0.,0.,0.,0.,0.,0.,0.,0.,0.,0.,0.,0.,0., 0.,0.,0.,0.,0.,0.,0.,0.,0.,0.,0.,0.,0.
8.312764,0.,0.,0.,0.,0.,0.,0.,0.,0.,0.,0.,0.,0.,0.,0.,0.,0.,0.,0.,0.,0.,0.,0.,0., 0.,0.,0.,0.,0.,0.,0.,0.,0.,0.,0.,0.,0.
8.36532,0.,0.,0.,0.,0.,0.,0.,0.,0.,0.,0.,0.,0.,0.,0.,0.,0.,0.,0.,0.,0.,0.,0.,0., 0.,0.,0.,0.,0.,0.,0.,0.,0.,0.,0.,0.,0.
8.398025,0.,0.,0.,0.,0.,0.,0.,0.,0.,0.,0.,0.,0.,0.,0.,0.,0.,0.,0.,0.,0.,0.,0.,0., 0.,0.,0.,0.,0.,0.,0.,0.,0.,0.,0.,0.,0.
8.461195,0.,0.,0.,0.,0.,0.,0.,0.,0.,0.,0.,0.,0.,0.,0.,0.,0.,0.,0.,0.,0.,0.,0.,0., 0.,0.,0.,0.,0.,0.,0.,0.,0.,0.,0.,0.,0.
8.493448,0.,0.,0.,0.,0.,0.,0.,0.,0.,0.,0.,0.,0.,0.,0.,0.,0.,0.,0.,0.,0.,0.,0.,0., 0.,0.,0.,0.,0.,0.,0.,0.,0.,0.,0.,0.,0.
8.54205,0.,0.,0.,0.,0.,0.,0.,0.,0.,0.,0.,0.,0.,0.,0.,0.,0.,0.,0.,0.,0.,0.,0.,0., 0.,0.,0.,0.,0.,0.,0.,0.,0.,0.,0.,0.,0.
8.59343,0.,0.,0.,0.,0.,0.,0.,0.,0.,0.,0.,0.,0.,0.,0.,0.,0.,0.,0.,0.,0.,0.,0.,0., 0.,0.,0.,0.,0.,0.,0.,0.,0.,0.,0.,0.,0.
8.678253,0.,0.,0.,0.,0.,0.,0.,0.,0.,0.,0.,0.,0.,0.,0.,0.,0.,0.,0.,0.,0.,0.,0.,0., 0.,0.,0.,0.,0.,0.,0.,0.,0.,0.,0.,0.,0.
8.773527,0.,0.,0.,0.,0.,0.,0.,0.,0.,0.,0.,0.,0.,0.,0.,0.,0.,0.,0.,0.,0.,0.,0.,0., 0.,0.,0.,0.,0.,0.,0.,0.,0.,0.,0.,0.,0.
8.837198,0.,0.,0.,0.,0.,0.,0.,0.,0.,0.,0.,0.,0.,0.,0.,0.,0.,0.,0.,0.,0.,0.,0.,0., 0.,0.,0.,0.,0.,0.,0.,0.,0.,0.,0.,0.,0.
8.889281,0.,0.,0.,0.,0.,0.,0.,0.,0.,0.,0.,0.,0.,0.,0.,0.,0.,0.,0.,0.,0.,0.,0.,0., 0.,0.,0.,0.,0.,0.,0.,0.,0.,0.,0.,0.,0.
8.953212,0.,0.,0.,0.,0.,0.,0.,0.,0.,0.,0.,0.,0.,0.,0.,0.,0.,0.,0.,0.,0.,0.,0.,0., 0.,0.,0.,0.,0.,0.,0.,0.,0.,0.,0.,0.,0.
9.022348,0.,0.,0.,0.,0.,0.,0.,0.,0.,0.,0.,0.,0.,0.,0.,0.,0.,0.,0.,0.,0.,0.,0.,0., 0.,0.,0.,0.,0.,0.,0.,0.,0.,0.,0.,0.,0.
9.075355,0.,0.,0.,0.,0.,0.,0.,0.,0.,0.,0.,0.,0.,0.,0.,0.,0.,0.,0.,0.,0.,0.,0.,0., 0.,0.,0.,0.,0.,0.,0.,0.,0.,0.,0.,0.,0.
9.154542,0.,0.,0.,0.,0.,0.,0.,0.,0.,0.,0.,0.,0.,0.,0.,0.,0.,0.,0.,0.,0.,0.,0.,0., 0.,0.,0.,0.,0.,0.,0.,0.,0.,0.,0.,0.,0.
9.168647,0.,0.,0.,0.,0.,0.,0.,0.,0.,0.,0.,0.,0.,0.,0.,0.,0.,0.,0.,0.,0.,0.,0.,0., 0.,0.,0.,0.,0.,0.,0.,0.,0.,0.,0.,0.,0.
9.252432,0.,0.,0.,0.,0.,0.,0.,0.,0.,0.,0.,0.,0.,0.,0.,0.,0.,0.,0.,0.,0.,0.,0.,0., 0.,0.,0.,0.,0.,0.,0.,0.,0.,0.,0.,0.,0.
9.278667,0.,0.,0.,0.,0.,0.,0.,0.,0.,0.,0.,0.,0.,0.,0.,0.,0.,0.,0.,0.,0.,0.,0.,0., 0.,0.,0.,0.,0.,0.,0.,0.,0.,0.,0.,0.,0.
9.337126,0.,0.,0.,0.,0.,0.,0.,0.,0.,0.,0.,0.,0.,0.,0.,0.,0.,0.,0.,0.,0.,0.,0.,0., 0.,0.,0.,0.,0.,0.,0.,0.,0.,0.,0.,0.,0.
9.390301,0.,0.,0.,0.,0.,0.,0.,0.,0.,0.,0.,0.,0.,0.,0.,0.,0.,0.,0.,0.,0.,0.,0.,0., 0.,0.,0.,0.,0.,0.,0.,0.,0.,0.,0.,0.,0.
9.448487,0.,0.,0.,0.,0.,0.,0.,0.,0.,0.,0.,0.,0.,0.,0.,0.,0.,0.,0.,0.,0.,0.,0.,0., 0.,0.,0.,0.,0.,0.,0.,0.,0.,0.,0.,0.,0.
9.500717,0.,0.,0.,0.,0.,0.,0.,0.,0.,0.,0.,0.,0.,0.,0.,0.,0.,0.,0.,0.,0.,0.,0.,0., 0.,0.,0.,0.,0.,0.,0.,0.,0.,0.,0.,0.,0.
9.553286,0.,0.,0.,0.,0.,0.,0.,0.,0.,0.,0.,0.,0.,0.,0.,0.,0.,0.,0.,0.,0.,0.,0.,0., 0.,0.,0.,0.,0.,0.,0.,0.,0.,0.,0.,0.,0.
9.605638,0.,0.,0.,0.,0.,0.,0.,0.,0.,0.,0.,0.,0.,0.,0.,0.,0.,0.,0.,0.,0.,0.,0.,0., 0.,0.,0.,0.,0.,0.,0.,0.,0.,0.,0.,0.,0.
9.668875,0.,0.,0.,0.,0.,0.,0.,0.,0.,0.,0.,0.,0.,0.,0.,0.,0.,0.,0.,0.,0.,0.,0.,0., 0.,0.,0.,0.,0.,0.,0.,0.,0.,0.,0.,0.,0.
9.736141,0.,0.,0.,0.,0.,0.,0.,0.,0.,0.,0.,0.,0.,0.,0.,0.,0.,0.,0.,0.,0.,0.,0.,0., 0.,0.,0.,0.,0.,0.,0.,0.,0.,0.,0.,0.,0.
9.788274,0.,0.,0.,0.,0.,0.,0.,0.,0.,0.,0.,0.,0.,0.,0.,0.,0.,0.,0.,0.,0.,0.,0.,0., 0.,0.,0.,0.,0.,0.,0.,0.,0.,0.,0.,0.,0.
9.835321,0.,0.,0.,0.,0.,0.,0.,0.,0.,0.,0.,0.,0.,0.,0.,0.,0.,0.,0.,0.,0.,0.,0.,0., 0.,0.,0.,0.,0.,0.,0.,0.,0.,0.,0.,0.,0.
9.867271,0.,0.,0.,0.,0.,0.,0.,0.,0.,0.,0.,0.,0.,0.,0.,0.,0.,0.,0.,0.,0.,0.,0.,0., 0.,0.,0.,0.,0.,0.,0.,0.,0.,0.,0.,0.,0.
9.904687,0.,0.,0.,0.,0.,0.,0.,0.,0.,0.,0.,0.,0.,0.,0.,0.,0.,0.,0.,0.,0.,0.,0.,0., 0.,0.,0.,0.,0.,0.,0.,0.,0.,0.,0.,0.,0.
9.978033,0.,0.,0.,0.,0.,0.,0.,0.,0.,0.,0.,0.,0.,0.,0.,0.,0.,0.,0.,0.,0.,0.,0.,0., 0.,0.,0.,0.,0.,0.,0.,0.,0.,0.,0.,0.,0.
10.025577,0.,0.,0.,0.,0.,0.,0.,0.,0.,0.,0.,0.,0.,0.,0.,0.,0.,0.,0.,0.,0.,0.,0.,0., 0.,0.,0.,0.,0.,0.,0.,0.,0.,0.,0.,0.,0.
10.073214,0.,0.,0.,0.,0.,0.,0.,0.,0.,0.,0.,0.,0.,0.,0.,0.,0.,0.,0.,0.,0.,0.,0.,0., 0.,0.,0.,0.,0.,0.,0.,0.,0.,0.,0.,0.,0.
10.121283,0.,0.,0.,0.,0.,0.,0.,0.,0.,0.,0.,0.,0.,0.,0.,0.,0.,0.,0.,0.,0.,0.,0.,0., 0.,0.,0.,0.,0.,0.,0.,0.,0.,0.,0.,0.,0.
10.16443,0.,0.,0.,0.,0.,0.,0.,0.,0.,0.,0.,0.,0.,0.,0.,0.,0.,0.,0.,0.,0.,0.,0.,0., 0.,0.,0.,0.,0.,0.,0.,0.,0.,0.,0.,0.,0.
10.196347,0.,0.,0.,0.,0.,0.,0.,0.,0.,0.,0.,0.,0.,0.,0.,0.,0.,0.,0.,0.,0.,0.,0.,0., 0.,0.,0.,0.,0.,0.,0.,0.,0.,0.,0.,0.,0.
10.255013,0.,0.,0.,0.,0.,0.,0.,0.,0.,0.,0.,0.,0.,0.,0.,0.,0.,0.,0.,0.,0.,0.,0.,0., 0.,0.,0.,0.,0.,0.,0.,0.,0.,0.,0.,0.,0.
10.344203,0.,0.,0.,0.,0.,0.,0.,0.,0.,0.,0.,0.,0.,0.,0.,0.,0.,0.,0.,0.,0.,0.,0.,0., 0.,0.,0.,0.,0.,0.,0.,0.,0.,0.,0.,0.,0.
10.371548,0.,0.,0.,0.,0.,0.,0.,0.,0.,0.,0.,0.,0.,0.,0.,0.,0.,0.,0.,0.,0.,0.,0.,0., 0.,0.,0.,0.,0.,0.,0.,0.,0.,0.,0.,0.,0.
10.456264,0.,0.,0.,0.,0.,0.,0.,0.,0.,0.,0.,0.,0.,0.,0.,0.,0.,0.,0.,0.,0.,0.,0.,0., 0.,0.,0.,0.,0.,0.,0.,0.,0.,0.,0.,0.,0.
10.549804,0.,0.,0.,0.,0.,0.,0.,0.,0.,0.,0.,0.,0.,0.,0.,0.,0.,0.,0.,0.,0.,0.,0.,0., 0.,0.,0.,0.,0.,0.,0.,0.,0.,0.,0.,0.,0.
10.655015,0.,0.,0.,0.,0.,0.,0.,0.,0.,0.,0.,0.,0.,0.,0.,0.,0.,0.,0.,0.,0.,0.,0.,0., 0.,0.,0.,0.,0.,0.,0.,0.,0.,0.,0.,0.,0.
10.708032,0.,0.,0.,0.,0.,0.,0.,0.,0.,0.,0.,0.,0.,0.,0.,0.,0.,0.,0.,0.,0.,0.,0.,0., 0.,0.,0.,0.,0.,0.,0.,0.,0.,0.,0.,0.,0.
10.755458,0.,0.,0.,0.,0.,0.,0.,0.,0.,0.,0.,0.,0.,0.,0.,0.,0.,0.,0.,0.,0.,0.,0.,0., 0.,0.,0.,0.,0.,0.,0.,0.,0.,0.,0.,0.,0.
10.782965,0.,0.,0.,0.,0.,0.,0.,0.,0.,0.,0.,0.,0.,0.,0.,0.,0.,0.,0.,0.,0.,0.,0.,0., 0.,0.,0.,0.,0.,0.,0.,0.,0.,0.,0.,0.,0.
10.820254,0.,0.,0.,0.,0.,0.,0.,0.,0.,0.,0.,0.,0.,0.,0.,0.,0.,0.,0.,0.,0.,0.,0.,0., 0.,0.,0.,0.,0.,0.,0.,0.,0.,0.,0.,0.,0.
10.914643,0.,0.,0.,0.,0.,0.,0.,0.,0.,0.,0.,0.,0.,0.,0.,0.,0.,0.,0.,0.,0.,0.,0.,0., 0.,0.,0.,0.,0.,0.,0.,0.,0.,0.,0.,0.,0.
10.957521,0.,0.,0.,0.,0.,0.,0.,0.,0.,0.,0.,0.,0.,0.,0.,0.,0.,0.,0.,0.,0.,0.,0.,0., 0.,0.,0.,0.,0.,0.,0.,0.,0.,0.,0.,0.,0.
11.0001,0.,0.,0.,0.,0.,0.,0.,0.,0.,0.,0.,0.,0.,0.,0.,0.,0.,0.,0.,0.,0.,0.,0.,0., 0.,0.,0.,0.,0.,0.,0.,0.,0.,0.,0.,0.,0.
11.058051,0.,0.,0.,0.,0.,0.,0.,0.,0.,0.,0.,0.,0.,0.,0.,0.,0.,0.,0.,0.,0.,0.,0.,0., 0.,0.,0.,0.,0.,0.,0.,0.,0.,0.,0.,0.,0.
11.146508,0.,0.,0.,0.,0.,0.,0.,0.,0.,0.,0.,0.,0.,0.,0.,0.,0.,0.,0.,0.,0.,0.,0.,0., 0.,0.,0.,0.,0.,0.,0.,0.,0.,0.,0.,0.,0.
11.209612,0.,0.,0.,0.,0.,0.,0.,0.,0.,0.,0.,0.,0.,0.,0.,0.,0.,0.,0.,0.,0.,0.,0.,0., 0.,0.,0.,0.,0.,0.,0.,0.,0.,0.,0.,0.,0.
11.247178,0.,0.,0.,0.,0.,0.,0.,0.,0.,0.,0.,0.,0.,0.,0.,0.,0.,0.,0.,0.,0.,0.,0.,0., 0.,0.,0.,0.,0.,0.,0.,0.,0.,0.,0.,0.,0.
11.366734,0.,0.,0.,0.,0.,0.,0.,0.,0.,0.,0.,0.,0.,0.,0.,0.,0.,0.,0.,0.,0.,0.,0.,0., 0.,0.,0.,0.,0.,0.,0.,0.,0.,0.,0.,0.,0.
11.391923,0.,0.,0.,0.,0.,0.,0.,0.,0.,0.,0.,0.,0.,0.,0.,0.,0.,0.,0.,0.,0.,0.,0.,0., 0.,0.,0.,0.,0.,0.,0.,0.,0.,0.,0.,0.,0.
11.444071,0.,0.,0.,0.,0.,0.,0.,0.,0.,0.,0.,0.,0.,0.,0.,0.,0.,0.,0.,0.,0.,0.,0.,0., 0.,0.,0.,0.,0.,0.,0.,0.,0.,0.,0.,0.,0.
11.502086,0.,0.,0.,0.,0.,0.,0.,0.,0.,0.,0.,0.,0.,0.,0.,0.,0.,0.,0.,0.,0.,0.,0.,0., 0.,0.,0.,0.,0.,0.,0.,0.,0.,0.,0.,0.,0.
11.571451,0.,0.,0.,0.,0.,0.,0.,0.,0.,0.,0.,0.,0.,0.,0.,0.,0.,0.,0.,0.,0.,0.,0.,0., 0.,0.,0.,0.,0.,0.,0.,0.,0.,0.,0.,0.,0.
11.644636,0.,0.,0.,0.,0.,0.,0.,0.,0.,0.,0.,0.,0.,0.,0.,0.,0.,0.,0.,0.,0.,0.,0.,0., 0.,0.,0.,0.,0.,0.,0.,0.,0.,0.,0.,0.,0.
11.687272,0.,0.,0.,0.,0.,0.,0.,0.,0.,0.,0.,0.,0.,0.,0.,0.,0.,0.,0.,0.,0.,0.,0.,0., 0.,0.,0.,0.,0.,0.,0.,0.,0.,0.,0.,0.,0.
11.749465,0.,0.,0.,0.,0.,0.,0.,0.,0.,0.,0.,0.,0.,0.,0.,0.,0.,0.,0.,0.,0.,0.,0.,0., 0.,0.,0.,0.,0.,0.,0.,0.,0.,0.,0.,0.,0.
11.801671,0.,0.,0.,0.,0.,0.,0.,0.,0.,0.,0.,0.,0.,0.,0.,0.,0.,0.,0.,0.,0.,0.,0.,0., 0.,0.,0.,0.,0.,0.,0.,0.,0.,0.,0.,0.,0.
11.843708,0.,0.,0.,0.,0.,0.,0.,0.,0.,0.,0.,0.,0.,0.,0.,0.,0.,0.,0.,0.,0.,0.,0.,0., 0.,0.,0.,0.,0.,0.,0.,0.,0.,0.,0.,0.,0.
11.901328,0.,0.,0.,0.,0.,0.,0.,0.,0.,0.,0.,0.,0.,0.,0.,0.,0.,0.,0.,0.,0.,0.,0.,0., 0.,0.,0.,0.,0.,0.,0.,0.,0.,0.,0.,0.,0.
11.954114,0.,0.,0.,0.,0.,0.,0.,0.,0.,0.,0.,0.,0.,0.,0.,0.,0.,0.,0.,0.,0.,0.,0.,0., 0.,0.,0.,0.,0.,0.,0.,0.,0.,0.,0.,0.,0.
11.993424,0.,0.,0.,0.,0.,0.,0.,0.,0.,0.,0.,0.,0.,0.,0.,0.,0.,0.,0.,0.,0.,0.,0.,0., 0.,0.,0.,0.,0.,0.,0.,0.,0.,0.,0.,0.,0.
12.056083,0.,0.,0.,0.,0.,0.,0.,0.,0.,0.,0.,0.,0.,0.,0.,0.,0.,0.,0.,0.,0.,0.,0.,0., 0.,0.,0.,0.,0.,0.,0.,0.,0.,0.,0.,0.,0.
12.109107,0.,0.,0.,0.,0.,0.,0.,0.,0.,0.,0.,0.,0.,0.,0.,0.,0.,0.,0.,0.,0.,0.,0.,0., 0.,0.,0.,0.,0.,0.,0.,0.,0.,0.,0.,0.,0.
12.193047,0.,0.,0.,0.,0.,0.,0.,0.,0.,0.,0.,0.,0.,0.,0.,0.,0.,0.,0.,0.,0.,0.,0.,0., 0.,0.,0.,0.,0.,0.,0.,0.,0.,0.,0.,0.,0.
12.224651,0.,0.,0.,0.,0.,0.,0.,0.,0.,0.,0.,0.,0.,0.,0.,0.,0.,0.,0.,0.,0.,0.,0.,0., 0.,0.,0.,0.,0.,0.,0.,0.,0.,0.,0.,0.,0.
12.293006,0.,0.,0.,0.,0.,0.,0.,0.,0.,0.,0.,0.,0.,0.,0.,0.,0.,0.,0.,0.,0.,0.,0.,0., 0.,0.,0.,0.,0.,0.,0.,0.,0.,0.,0.,0.,0.
12.325162,0.,0.,0.,0.,0.,0.,0.,0.,0.,0.,0.,0.,0.,0.,0.,0.,0.,0.,0.,0.,0.,0.,0.,0., 0.,0.,0.,0.,0.,0.,0.,0.,0.,0.,0.,0.,0.
12.436271,0.,0.,0.,0.,0.,0.,0.,0.,0.,0.,0.,0.,0.,0.,0.,0.,0.,0.,0.,0.,0.,0.,0.,0., 0.,0.,0.,0.,0.,0.,0.,0.,0.,0.,0.,0.,0.
12.473351,0.,0.,0.,0.,0.,0.,0.,0.,0.,0.,0.,0.,0.,0.,0.,0.,0.,0.,0.,0.,0.,0.,0.,0., 0.,0.,0.,0.,0.,0.,0.,0.,0.,0.,0.,0.,0.
12.51096,0.,0.,0.,0.,0.,0.,0.,0.,0.,0.,0.,0.,0.,0.,0.,0.,0.,0.,0.,0.,0.,0.,0.,0., 0.,0.,0.,0.,0.,0.,0.,0.,0.,0.,0.,0.,0.
12.564709,0.,0.,0.,0.,0.,0.,0.,0.,0.,0.,0.,0.,0.,0.,0.,0.,0.,0.,0.,0.,0.,0.,0.,0., 0.,0.,0.,0.,0.,0.,0.,0.,0.,0.,0.,0.,0.
12.627682,0.,0.,0.,0.,0.,0.,0.,0.,0.,0.,0.,0.,0.,0.,0.,0.,0.,0.,0.,0.,0.,0.,0.,0., 0.,0.,0.,0.,0.,0.,0.,0.,0.,0.,0.,0.,0.
12.67994,0.,0.,0.,0.,0.,0.,0.,0.,0.,0.,0.,0.,0.,0.,0.,0.,0.,0.,0.,0.,0.,0.,0.,0., 0.,0.,0.,0.,0.,0.,0.,0.,0.,0.,0.,0.,0.
12.753524,0.,0.,0.,0.,0.,0.,0.,0.,0.,0.,0.,0.,0.,0.,0.,0.,0.,0.,0.,0.,0.,0.,0.,0., 0.,0.,0.,0.,0.,0.,0.,0.,0.,0.,0.,0.,0.
12.796582,0.,0.,0.,0.,0.,0.,0.,0.,0.,0.,0.,0.,0.,0.,0.,0.,0.,0.,0.,0.,0.,0.,0.,0., 0.,0.,0.,0.,0.,0.,0.,0.,0.,0.,0.,0.,0.
12.850077,0.,0.,0.,0.,0.,0.,0.,0.,0.,0.,0.,0.,0.,0.,0.,0.,0.,0.,0.,0.,0.,0.,0.,0., 0.,0.,0.,0.,0.,0.,0.,0.,0.,0.,0.,0.,0.
12.892148,0.,0.,0.,0.,0.,0.,0.,0.,0.,0.,0.,0.,0.,0.,0.,0.,0.,0.,0.,0.,0.,0.,0.,0., 0.,0.,0.,0.,0.,0.,0.,0.,0.,0.,0.,0.,0.
12.939409,0.,0.,0.,0.,0.,0.,0.,0.,0.,0.,0.,0.,0.,0.,0.,0.,0.,0.,0.,0.,0.,0.,0.,0., 0.,0.,0.,0.,0.,0.,0.,0.,0.,0.,0.,0.,0.
13.043598,0.,0.,0.,0.,0.,0.,0.,0.,0.,0.,0.,0.,0.,0.,0.,0.,0.,0.,0.,0.,0.,0.,0.,0., 0.,0.,0.,0.,0.,0.,0.,0.,0.,0.,0.,0.,0.
13.106804,0.,0.,0.,0.,0.,0.,0.,0.,0.,0.,0.,0.,0.,0.,0.,0.,0.,0.,0.,0.,0.,0.,0.,0., 0.,0.,0.,0.,0.,0.,0.,0.,0.,0.,0.,0.,0.
13.118017,0.,0.,0.,0.,0.,0.,0.,0.,0.,0.,0.,0.,0.,0.,0.,0.,0.,0.,0.,0.,0.,0.,0.,0., 0.,0.,0.,0.,0.,0.,0.,0.,0.,0.,0.,0.,0.
13.211891,0.,0.,0.,0.,0.,0.,0.,0.,0.,0.,0.,0.,0.,0.,0.,0.,0.,0.,0.,0.,0.,0.,0.,0., 0.,0.,0.,0.,0.,0.,0.,0.,0.,0.,0.,0.,0.
13.285101,0.,0.,0.,0.,0.,0.,0.,0.,0.,0.,0.,0.,0.,0.,0.,0.,0.,0.,0.,0.,0.,0.,0.,0., 0.,0.,0.,0.,0.,0.,0.,0.,0.,0.,0.,0.,0.
13.319072,0.,0.,0.,0.,0.,0.,0.,0.,0.,0.,0.,0.,0.,0.,0.,0.,0.,0.,0.,0.,0.,0.,0.,0., 0.,0.,0.,0.,0.,0.,0.,0.,0.,0.,0.,0.,0.
13.44976,0.,0.,0.,0.,0.,0.,0.,0.,0.,0.,0.,0.,0.,0.,0.,0.,0.,0.,0.,0.,0.,0.,0.,0., 0.,0.,0.,0.,0.,0.,0.,0.,0.,0.,0.,0.,0.
13.538075,0.,0.,0.,0.,0.,0.,0.,0.,0.,0.,0.,0.,0.,0.,0.,0.,0.,0.,0.,0.,0.,0.,0.,0., 0.,0.,0.,0.,0.,0.,0.,0.,0.,0.,0.,0.,0.
13.595663,0.,0.,0.,0.,0.,0.,0.,0.,0.,0.,0.,0.,0.,0.,0.,0.,0.,0.,0.,0.,0.,0.,0.,0., 0.,0.,0.,0.,0.,0.,0.,0.,0.,0.,0.,0.,0.
13.642936,0.,0.,0.,0.,0.,0.,0.,0.,0.,0.,0.,0.,0.,0.,0.,0.,0.,0.,0.,0.,0.,0.,0.,0., 0.,0.,0.,0.,0.,0.,0.,0.,0.,0.,0.,0.,0.
13.665046,0.,0.,0.,0.,0.,0.,0.,0.,0.,0.,0.,0.,0.,0.,0.,0.,0.,0.,0.,0.,0.,0.,0.,0., 0.,0.,0.,0.,0.,0.,0.,0.,0.,0.,0.,0.,0.
13.753865,0.,0.,0.,0.,0.,0.,0.,0.,0.,0.,0.,0.,0.,0.,0.,0.,0.,0.,0.,0.,0.,0.,0.,0., 0.,0.,0.,0.,0.,0.,0.,0.,0.,0.,0.,0.,0.
13.76998,0.,0.,0.,0.,0.,0.,0.,0.,0.,0.,0.,0.,0.,0.,0.,0.,0.,0.,0.,0.,0.,0.,0.,0., 0.,0.,0.,0.,0.,0.,0.,0.,0.,0.,0.,0.,0.
13.818202,0.,0.,0.,0.,0.,0.,0.,0.,0.,0.,0.,0.,0.,0.,0.,0.,0.,0.,0.,0.,0.,0.,0.,0., 0.,0.,0.,0.,0.,0.,0.,0.,0.,0.,0.,0.,0.
13.839727,0.,0.,0.,0.,0.,0.,0.,0.,0.,0.,0.,0.,0.,0.,0.,0.,0.,0.,0.,0.,0.,0.,0.,0., 0.,0.,0.,0.,0.,0.,0.,0.,0.,0.,0.,0.,0.
13.92352,0.,0.,0.,0.,0.,0.,0.,0.,0.,0.,0.,0.,0.,0.,0.,0.,0.,0.,0.,0.,0.,0.,0.,0., 0.,0.,0.,0.,0.,0.,0.,0.,0.,0.,0.,0.,0.
13.956469,0.,0.,0.,0.,0.,0.,0.,0.,0.,0.,0.,0.,0.,0.,0.,0.,0.,0.,0.,0.,0.,0.,0.,0., 0.,0.,0.,0.,0.,0.,0.,0.,0.,0.,0.,0.,0.
14.02933,0.,0.,0.,0.,0.,0.,0.,0.,0.,0.,0.,0.,0.,0.,0.,0.,0.,0.,0.,0.,0.,0.,0.,0., 0.,0.,0.,0.,0.,0.,0.,0.,0.,0.,0.,0.,0.
14.088136,0.,0.,0.,0.,0.,0.,0.,0.,0.,0.,0.,0.,0.,0.,0.,0.,0.,0.,0.,0.,0.,0.,0.,0., 0.,0.,0.,0.,0.,0.,0.,0.,0.,0.,0.,0.,0.
14.136888,0.,0.,0.,0.,0.,0.,0.,0.,0.,0.,0.,0.,0.,0.,0.,0.,0.,0.,0.,0.,0.,0.,0.,0., 0.,0.,0.,0.,0.,0.,0.,0.,0.,0.,0.,0.,0.
14.174291,0.,0.,0.,0.,0.,0.,0.,0.,0.,0.,0.,0.,0.,0.,0.,0.,0.,0.,0.,0.,0.,0.,0.,0., 0.,0.,0.,0.,0.,0.,0.,0.,0.,0.,0.,0.,0.
14.272704,0.,0.,0.,0.,0.,0.,0.,0.,0.,0.,0.,0.,0.,0.,0.,0.,0.,0.,0.,0.,0.,0.,0.,0., 0.,0.,0.,0.,0.,0.,0.,0.,0.,0.,0.,0.,0.
14.335883,0.,0.,0.,0.,0.,0.,0.,0.,0.,0.,0.,0.,0.,0.,0.,0.,0.,0.,0.,0.,0.,0.,0.,0., 0.,0.,0.,0.,0.,0.,0.,0.,0.,0.,0.,0.,0.
